#	id			 pattern			
p	 1 			1,0,0,0,1
p	 1 			0,1,0,0,1			
p	 1 			1,0,0,1,0

p	 2 			0,0,1,0,1			
p	 2 			0,1,0,1,0			
p	 2 			1,0,1,0,0

p	 3 			0,0,0,1,1			
p	 3			0,0,1,1,0			
p	 3 			0,1,1,0,0			
p	 3 			1,1,0,0,0

p	 4			0,1,0,0,1,0 
p	 4			0,0,1,0,1,0
p	 4			0,1,0,1,0,0

p	 5			0,1,1,0,0,0
p	 5			0,0,1,1,0,0
p	 5			0,0,0,1,1,0

p	 6 			1,0,1,0,1			
p	 6 			1,0,0,1,1			
p	 6 			1,1,0,0,1	

p	 7 			0,1,0,1,1			
p	 7 			1,1,0,1,0			
p	 7 			0,1,1,0,1			
p	 7			1,0,1,1,0	

p	 8 			0,0,1,1,1			
p	 8 			0,1,1,1,0			
p	 8 			1,1,1,0,0	

p	 9			0,1,0,1,1,0			
p	 9			0,1,1,0,1,0	

p	 10			0,0,1,1,1,0			
p	 10			0,1,1,1,0,0		

p	 11			1,1,1,1,0			
p	 11			1,1,1,0,1			
p	 11			1,1,0,1,1			
p	 11			1,0,1,1,1			
p	 11			0,1,1,1,1

p	 12			0,1,1,1,1,0		

p	 13			1,1,1,1,1	

p	 14			1,1,1,1,1,1			

p	 15			1,1,1,0,1,0,1,1,1	
p	 15			1,1,0,1,1,1,0,1,1	

#	id	value	Threat
v	0	0		0	None

v	1	2		0	None
v	2	4		0	None
v	3	5		0	None
v	4	6		0	None
v	5	7		0	None

v	6	14		0	None
v	7	16		0	None
v	8	19		0	None

v	9	32		1	TH3
v	10	36		1	TH3

v	11	60		3	T4

v	12	100		5	TH4

v	13	100		6	T5

v	14	100		7	T5 / Forbid

v	15	100		7	TH4 / Forbid


# code Threat 
#	0	TNone,
#	1	TH3,
#	2	TDH3,
#	3	T4,
#	4	T4H3,
#	5	TH4,
#	6	T5,
#	7	Forbid
